[ SWEEP SETTINGS ]
Bias & Step SMU NPLC,0.1
Bias & Step SMU Auto Zero,ONCE
Bias & Step SMU Source Delay,0 s
Bias & Step SMU Measure Count,1
Bias & Step SMU Measure Delay,0 s
Bias & Step SMU Measure Delay Factor,1.0
Bias & Step SMU Filter Type,OFF
Bias & Step SMU Filter Count,Not Applicable
Bias & Step SMU Analog Filter,Not Applicable
Sweep SMU Timing,Same as Bias & Step SMU
Sweep SMU Sampling Interval,Not Applicable
Sweep SMU Sampling Count,Not Applicable
Sweep SMU Sampling Delay,Not Applicable
Sweep SMU Sampling Analog Filter,Not Applicable

Instrument Name,Sweep_SMU
Instrument ID,localnode.smua
Assignment Type,Sweep
Source Function,current
Source Mode,Normal
Measure Function,current&voltage
Sense Mode,Two-Wire
Asymptote,Not Applicable
Source Limit,20.0 V
Source Range,1 A
Bias Source Value,Not Applicable
Step/Sweep Start Level,0.0 A
Step/Sweep Stop Level,0.0 A
Step/Sweep Style,LIN
# of steps / sweep points,1000
Measure Range,2 V
Step-to-Sweep delay,Not Applicable
Custom Sweep?,No
Sweep time/point,14 ms
Pulse Sweep?,No
Pulse Bias Level,Not Applicable
Pulse Width,Not Applicable

[ DATA ]
Name,Sweep_SMU,,,Sweep_SMU,,
Buffer,localnode.smua.nvbuffer1,,,localnode.smua.nvbuffer2,,
NumReadings,1000,,,1000,,
BaseTimestamp,4/19/19 6:41 AM 0.805397 (GMT),,,4/19/19 6:41 AM 0.805397 (GMT),,
,,,,,,
,Timestamp,Source Value,Reading,Timestamp,Source Value,Reading
,(seconds),(Amps),(Amps),(seconds),(Amps),(Volts)
1,0.0,0.0,2.884865E-5,0.0,0.0,0.6860795
2,0.013996,0.0,1.144409E-5,0.013996,0.0,0.6831536
3,0.027997,0.0,4.088879E-5,0.027997,0.0,0.6862988
4,0.041996,0.0,3.659725E-5,0.041996,0.0,0.6848273
5,0.055997,0.0,-5.960464E-7,0.055997,0.0,0.6829863
6,0.069996,0.0,1.871586E-5,0.069996,0.0,0.6845722
7,0.083997,0.0,3.564358E-5,0.083997,0.0,0.6853945
8,0.097996,0.0,2.884865E-5,0.097996,0.0,0.6852295
9,0.111997,0.0,2.646446E-5,0.111997,0.0,0.6848624
10,0.125996,0.0,3.46899E-5,0.125996,0.0,0.6854205
11,0.139997,0.0,3.993511E-5,0.139997,0.0,0.6854668
12,0.153996,0.0,1.382828E-5,0.153996,0.0,0.6839337
13,0.167997,0.0,3.898144E-5,0.167997,0.0,0.684881
14,0.181996,0.0,3.564358E-5,0.181996,0.0,0.6849329
15,0.195997,0.0,1.680851E-5,0.195997,0.0,0.6840482
16,0.209996,0.0,3.421307E-5,0.209996,0.0,0.6863501
17,0.223997,0.0,4.673004E-5,0.223997,0.0,0.6850402
18,0.237996,0.0,2.741814E-5,0.237996,0.0,0.6847162
19,0.251997,0.0,2.44379E-5,0.251997,0.0,0.6857698
20,0.265996,0.0,3.361702E-5,0.265996,0.0,0.6865516
21,0.279996,0.0,2.837181E-5,0.279996,0.0,0.6849656
22,0.293996,0.0,2.69413E-5,0.293996,0.0,0.6841376
23,0.307997,0.0,3.170967E-5,0.307997,0.0,0.6854181
24,0.321996,0.0,3.802776E-5,0.321996,0.0,0.684938
25,0.335997,0.0,1.728535E-5,0.335997,0.0,0.6841311
26,0.349996,0.0,8.583069E-6,0.349996,0.0,0.6838052
27,0.363997,0.0,3.123283E-5,0.363997,0.0,0.6847706
28,0.377996,0.0,3.0756E-5,0.377996,0.0,0.6840758
29,0.391997,0.0,1.239777E-5,0.391997,0.0,0.6844268
30,0.405996,0.0,3.802776E-5,0.405996,0.0,0.6855636
31,0.419997,0.0,1.91927E-5,0.419997,0.0,0.6869504
32,0.433996,0.0,2.741814E-5,0.433996,0.0,0.6842465
33,0.447997,0.0,3.564358E-5,0.447997,0.0,0.6848803
34,0.461996,0.0,4.339218E-5,0.461996,0.0,0.6852508
35,0.475997,0.0,3.123283E-5,0.475997,0.0,0.6843245
36,0.489996,0.0,1.91927E-5,0.489996,0.0,0.6844504
37,0.503997,0.0,3.314018E-5,0.503997,0.0,0.6856918
38,0.517996,0.0,2.348423E-5,0.517996,0.0,0.6849298
39,0.531997,0.0,3.46899E-5,0.531997,0.0,0.6842442
40,0.545996,0.0,4.673004E-5,0.545996,0.0,0.6847007
41,0.559997,0.0,3.85046E-5,0.559997,0.0,0.6861103
42,0.573996,0.0,4.649162E-6,0.573996,0.0,0.6836898
43,0.587997,0.0,3.564358E-5,0.587997,0.0,0.6849241
44,0.601996,0.0,4.136562E-5,0.601996,0.0,0.6856179
45,0.615997,0.0,3.0756E-5,0.615997,0.0,0.684552
46,0.629996,0.0,4.291534E-5,0.629996,0.0,0.6863403
47,0.643997,0.0,3.564358E-5,0.643997,0.0,0.6853466
48,0.657996,0.0,1.966953E-5,0.657996,0.0,0.6857066
49,0.671997,0.0,2.932549E-5,0.671997,0.0,0.6854391
50,0.685996,0.0,4.816055E-5,0.685996,0.0,0.6861875
51,0.699997,0.0,7.665157E-5,0.699997,0.0,0.02355838
52,0.713996,0.0,-1.780987E-4,0.713996,0.0,0.124685
53,0.727997,0.0,8.106232E-5,0.727997,0.0,0.005138636
54,0.741996,0.0,4.386902E-5,0.741996,0.0,0.01282811
55,0.755997,0.0,2.253056E-5,0.755997,0.0,0.02575207
56,0.769996,0.0,2.69413E-5,0.769996,0.0,0.01078224
57,0.783997,0.0,4.959106E-5,0.783997,0.0,0.06095672
58,0.797996,0.0,2.062321E-5,0.797996,0.0,0.6789103
59,0.811997,0.0,-3.540516E-5,0.811997,0.0,0.02473092
60,0.825996,0.0,3.314018E-5,0.825996,0.0,0.006983042
61,0.839997,0.0,6.79493E-5,0.839997,0.0,0.03264284
62,0.853996,0.0,-1.645088E-4,0.853996,0.0,0.06463003
63,0.867997,0.0,-6.920099E-4,0.867997,0.0,0.02724624
64,0.881996,0.0,-0.001374125,0.881996,0.0,0.2140877
65,0.895997,0.0,1.279116E-4,0.895997,0.0,0.08323407
66,0.909996,0.0,2.110004E-5,0.909996,0.0,0.6771283
67,0.923997,0.0,-2.399683E-4,0.923997,0.0,0.05898905
68,0.937996,0.0,3.170967E-5,0.937996,0.0,0.02309704
69,0.951997,0.0,4.329681E-4,0.951997,0.0,0.03297496
70,0.965996,0.0,5.25713E-5,0.965996,0.0,0.006715775
71,0.979997,0.0,-1.80006E-5,0.979997,0.0,0.007730484
72,0.993996,0.0,-5.960464E-6,0.993996,0.0,0.02221942
73,1.007997,0.0,4.136562E-5,1.007997,0.0,0.00475049
74,1.021996,0.0,1.28746E-5,1.021996,0.0,0.01617551
75,1.035997,0.0,4.434586E-5,1.035997,0.0,0.005996704
76,1.049996,0.0,3.421307E-5,1.049996,0.0,0.6711307
77,1.063997,0.0,9.536743E-6,1.063997,0.0,0.02061963
78,1.077996,0.0,1.096725E-5,1.077996,0.0,0.6723535
79,1.091997,0.0,-8.34465E-6,1.091997,0.0,0.01538157
80,1.105996,0.0,1.139641E-4,1.105996,0.0,0.007811069
81,1.119997,0.0,-1.142025E-4,1.119997,0.0,0.0748744
82,1.133996,0.0,4.184246E-5,1.133996,0.0,0.004988432
83,1.147997,0.0,-0.001470804,1.147997,0.0,0.3072131
84,1.161996,0.0,-9.013414E-4,1.161996,0.0,0.2517881
85,1.175997,0.0,2.348423E-5,1.175997,0.0,0.006010532
86,1.189996,0.0,2.789497E-5,1.189996,0.0,0.006562233
87,1.203997,0.0,4.577637E-5,1.203997,0.0,0.04136467
88,1.217996,0.0,3.802776E-5,1.217996,0.0,0.007101774
89,1.231997,0.0,1.91927E-5,1.231997,0.0,0.005374432
90,1.245996,0.0,4.577637E-5,1.245996,0.0,0.006031752
91,1.259997,0.0,3.707409E-5,1.259997,0.0,0.004771471
92,1.273996,0.0,-5.674362E-5,1.273996,0.0,0.02663207
93,1.287997,0.0,3.659725E-5,1.287997,0.0,0.01285982
94,1.301996,0.0,4.673004E-5,1.301996,0.0,0.005457163
95,1.315997,0.0,3.266335E-5,1.315997,0.0,0.004881144
96,1.329996,0.0,0.001576781,1.329996,0.0,0.5278323
97,1.343997,0.0,5.352497E-5,1.343997,0.0,0.008693218
98,1.357996,0.0,1.335144E-5,1.357996,0.0,0.0180676
99,1.371997,0.0,8.833408E-5,1.371997,0.0,0.04075933
100,1.385996,0.0,-0.00150609,1.385996,0.0,0.3808649
101,1.399997,0.0,8.249283E-5,1.399997,0.0,0.04445529
102,1.413996,0.0,-7.939339E-5,1.413996,0.0,0.1390181
103,1.427997,0.0,0.001504302,1.427997,0.0,0.5909424
104,1.441996,0.0,4.281998E-4,1.441996,0.0,0.1470923
105,1.455996,0.0,8.153915E-5,1.455996,0.0,0.007251263
106,1.469996,0.0,6.651878E-5,1.469996,0.0,0.03004932
107,1.483997,0.0,4.482269E-5,1.483997,0.0,0.00975275
108,1.497996,0.0,1.049042E-5,1.497996,0.0,0.6749201
109,1.511997,0.0,3.361702E-5,1.511997,0.0,0.008165121
110,1.525996,0.0,4.041195E-5,1.525996,0.0,0.005376101
111,1.539997,0.0,4.529953E-5,1.539997,0.0,0.005052567
112,1.553996,0.0,3.612041E-5,1.553996,0.0,0.004189014
113,1.567997,0.0,3.314018E-5,1.567997,0.0,0.009639025
114,1.581996,0.0,5.590916E-5,1.581996,0.0,0.0107553
115,1.595997,0.0,3.123283E-5,1.595997,0.0,0.005258083
116,1.609996,0.0,1.91927E-5,1.609996,0.0,0.009331226
117,1.623997,0.0,5.972385E-5,1.623997,0.0,0.01598692
118,1.637996,0.0,-1.752377E-5,1.637996,0.0,0.03092837
119,1.651997,0.0,1.022816E-4,1.651997,0.0,0.0323081
120,1.665996,0.0,2.980232E-5,1.665996,0.0,0.6722567
121,1.679997,0.0,-2.920628E-5,1.679997,0.0,0.01500225
122,1.693996,0.0,0.001188159,1.693996,0.0,0.2957051
123,1.707997,0.0,0.001358747,1.707997,0.0,0.5842769
124,1.721996,0.0,2.092123E-4,1.721996,0.0,0.04133058
125,1.735997,0.0,4.088879E-5,1.735997,0.0,0.006386757
126,1.749996,0.0,5.304813E-5,1.749996,0.0,0.02185392
127,1.763997,0.0,5.972385E-5,1.763997,0.0,0.009043455
128,1.777996,0.0,4.959106E-5,1.777996,0.0,0.007928848
129,1.791997,0.0,8.881092E-5,1.791997,0.0,0.01853323
130,1.805996,0.0,3.755093E-5,1.805996,0.0,0.006218433
131,1.819997,0.0,0.00153625,1.819997,0.0,0.4071608
132,1.833996,0.0,2.157688E-5,1.833996,0.0,0.01371121
133,1.847997,0.0,4.577637E-5,1.847997,0.0,0.005614042
134,1.861996,0.0,3.576279E-7,1.861996,0.0,0.02997708
135,1.875997,0.0,3.707409E-5,1.875997,0.0,0.0069139
136,1.889996,0.0,5.590916E-5,1.889996,0.0,0.008889198
137,1.903997,0.0,2.491474E-5,1.903997,0.0,0.6701663
138,1.917996,0.0,8.583069E-6,1.917996,0.0,0.02461553
139,1.931997,0.0,3.516674E-5,1.931997,0.0,0.005615711
140,1.945996,0.0,1.124144E-4,1.945996,0.0,0.02007127
141,1.959997,0.0,2.491474E-5,1.959997,0.0,0.01400948
142,1.973996,0.0,-7.852316E-4,1.973996,0.0,0.06863642
143,1.987997,0.0,-9.930134E-5,1.987997,0.0,0.04164577
144,2.001996,0.0,4.768372E-5,2.001996,0.0,0.00661087
145,2.015997,0.0,4.184246E-5,2.015997,0.0,0.01982427
146,2.029996,0.0,1.478195E-4,2.029996,0.0,0.05482745
147,2.043997,0.0,5.924702E-5,2.043997,0.0,0.009964943
148,2.057996,0.0,3.170967E-5,2.057996,0.0,0.007367373
149,2.071997,0.0,2.69413E-5,2.071997,0.0,0.01045632
150,2.085996,0.0,8.690357E-5,2.085996,0.0,0.02030778
151,2.099997,0.0,4.23193E-5,2.099997,0.0,0.005323887
152,2.113996,0.0,4.434586E-5,2.113996,0.0,0.005656242
153,2.127997,0.0,3.170967E-5,2.127997,0.0,0.01262403
154,2.141996,0.0,-4.531145E-4,2.141996,0.0,0.01637292
155,2.155997,0.0,3.170967E-5,2.155997,0.0,0.005082607
156,2.169996,0.0,3.945827E-5,2.169996,0.0,0.007527351
157,2.183997,0.0,4.959106E-5,2.183997,0.0,0.005658627
158,2.197996,0.0,9.059906E-6,2.197996,0.0,0.1032746
159,2.211996,0.0,3.0756E-5,2.211996,0.0,0.006151915
160,2.225996,0.0,1.144409E-5,2.225996,0.0,0.04954386
161,2.239997,0.0,6.747246E-5,2.239997,0.0,0.009587765
162,2.253996,0.0,6.728172E-4,2.253996,0.0,0.109694
163,2.267997,0.0,-0.001012921,2.267997,0.0,0.5143876
164,2.281996,0.0,5.161762E-5,2.281996,0.0,0.00684166
165,2.295997,0.0,-3.98159E-5,2.295997,0.0,0.03159547
166,2.309996,0.0,1.323223E-4,2.309996,0.0,0.02866721
167,2.323997,0.0,3.314018E-5,2.323997,0.0,0.008074284
168,2.337996,0.0,4.041195E-5,2.337996,0.0,0.008709669
169,2.351997,0.0,4.386902E-5,2.351997,0.0,0.01240063
170,2.365996,0.0,6.461143E-5,2.365996,0.0,0.01377773
171,2.379997,0.0,4.863739E-5,2.379997,0.0,0.006003141
172,2.393996,0.0,3.361702E-5,2.393996,0.0,0.009024858
173,2.407997,0.0,1.096725E-5,2.407997,0.0,0.04411483
174,2.421996,0.0,8.630753E-5,2.421996,0.0,0.00534749
175,2.435997,0.0,3.218651E-5,2.435997,0.0,0.005802631
176,2.449996,0.0,4.529953E-5,2.449996,0.0,0.009952784
177,2.463997,0.0,6.079674E-5,2.463997,0.0,0.008120537
178,2.477996,0.0,4.386902E-5,2.477996,0.0,0.01012897
179,2.491997,0.0,-4.029274E-5,2.491997,0.0,0.04525328
180,2.505996,0.0,-2.259016E-4,2.505996,0.0,0.04627776
181,2.519997,0.0,4.794598E-4,2.519997,0.0,0.01862097
182,2.533996,0.0,4.943609E-4,2.533996,0.0,0.2048824
183,2.547997,0.0,-4.377365E-4,2.547997,0.0,0.08056188
184,2.561996,0.0,-4.36306E-5,2.561996,0.0,0.01206279
185,2.575997,0.0,4.23193E-5,2.575997,0.0,0.03651977
186,2.589996,0.0,1.095533E-4,2.589996,0.0,0.01864624
187,2.603997,0.0,4.23193E-5,2.603997,0.0,0.02615905
188,2.617996,0.0,4.088879E-5,2.617996,0.0,0.06131744
189,2.631997,0.0,4.184246E-5,2.631997,0.0,0.00680685
190,2.645996,0.0,2.092123E-4,2.645996,0.0,0.03213978
191,2.659997,0.0,4.041195E-5,2.659997,0.0,0.007091045
192,2.673996,0.0,2.205372E-5,2.673996,0.0,0.007218599
193,2.687997,0.0,5.733967E-5,2.687997,0.0,0.04973888
194,2.701996,0.0,6.318092E-5,2.701996,0.0,0.007766247
195,2.715997,0.0,5.686283E-5,2.715997,0.0,0.0157764
196,2.729996,0.0,7.712841E-5,2.729996,0.0,0.007284403
197,2.743997,0.0,7.712841E-5,2.743997,0.0,0.005964279
198,2.757996,0.0,4.339218E-5,2.757996,0.0,0.007827282
199,2.771997,0.0,1.30415E-4,2.771997,0.0,0.2001488
200,2.785996,0.0,5.781651E-5,2.785996,0.0,0.05168223
201,2.799997,0.0,-1.693964E-4,2.799997,0.0,0.3473291
202,2.813996,0.0,4.184246E-5,2.813996,0.0,0.6747754
203,2.827997,0.0,-9.250641E-5,2.827997,0.0,0.1532395
204,2.841996,0.0,5.877018E-5,2.841996,0.0,0.02768493
205,2.855997,0.0,-1.214743E-4,2.855997,0.0,0.07503629
206,2.869996,0.0,8.010864E-5,2.869996,0.0,0.009609699
207,2.883997,0.0,6.604195E-5,2.883997,0.0,0.01170039
208,2.897996,0.0,4.863739E-5,2.897996,0.0,0.00853014
209,2.911997,0.0,1.728535E-5,2.911997,0.0,0.007143021
210,2.925996,0.0,1.91927E-5,2.925996,0.0,0.01026964
211,2.939997,0.0,-0.001048207,2.939997,0.0,0.08773351
212,2.953996,0.0,2.157688E-5,2.953996,0.0,0.007282972
213,2.967997,0.0,1.429319E-4,2.967997,0.0,0.02904916
214,2.981996,0.0,6.079674E-5,2.981996,0.0,0.005605221
215,2.995997,0.0,1.430511E-5,2.995997,0.0,0.01184821
216,3.009996,0.0,2.253056E-5,3.009996,0.0,0.6706073
217,3.023997,0.0,1.733303E-4,3.023997,0.0,0.03560185
218,3.037996,0.0,2.491474E-5,3.037996,0.0,0.005819559
219,3.051997,0.0,6.461143E-5,3.051997,0.0,0.06166697
220,3.065996,0.0,3.755093E-5,3.065996,0.0,0.008609533
221,3.079997,0.0,6.508827E-5,3.079997,0.0,0.010566
222,3.093996,0.0,5.054474E-5,3.093996,0.0,0.04723978
223,3.107997,0.0,4.339218E-5,3.107997,0.0,0.08616471
224,3.121996,0.0,5.781651E-5,3.121996,0.0,0.004938841
225,3.135997,0.0,2.396107E-5,3.135997,0.0,0.04888487
226,3.149996,0.0,3.314018E-5,3.149996,0.0,0.00967145
227,3.163997,0.0,7.092953E-5,3.163997,0.0,0.00728941
228,3.177996,0.0,3.755093E-5,3.177996,0.0,0.004934072
229,3.191997,0.0,2.396107E-5,3.191997,0.0,0.02347803
230,3.205996,0.0,5.495548E-5,3.205996,0.0,0.01042223
231,3.219997,0.0,7.712841E-5,3.219997,0.0,0.1822541
232,3.233996,0.0,5.352497E-5,3.233996,0.0,0.005930185
233,3.247997,0.0,1.10507E-4,3.247997,0.0,0.01804161
234,3.261996,0.0,5.102158E-5,3.261996,0.0,0.007053852
235,3.275997,0.0,2.789497E-5,3.275997,0.0,0.008107424
236,3.289996,0.0,0.00159657,3.289996,0.0,0.3211932
237,3.303997,0.0,-5.531311E-5,3.303997,0.0,0.0326817
238,3.317996,0.0,3.314018E-5,3.317996,0.0,0.004517078
239,3.331997,0.0,1.052618E-4,3.331997,0.0,0.0564785
240,3.345996,0.0,3.802776E-5,3.345996,0.0,0.02125335
241,3.359997,0.0,-0.001471281,3.359997,0.0,0.2850103
242,3.373996,0.0,4.172325E-6,3.373996,0.0,0.0520277
243,3.387997,0.0,3.764629E-4,3.387997,0.0,0.1713514
244,3.401996,0.0,3.027916E-5,3.401996,0.0,0.0385747
245,3.415997,0.0,-4.076958E-5,3.415997,0.0,0.05326104
246,3.429996,0.0,8.630753E-5,3.429996,0.0,0.01131916
247,3.443997,0.0,6.556511E-5,3.443997,0.0,0.02926683
248,3.457996,0.0,5.25713E-5,3.457996,0.0,0.008028746
249,3.471997,0.0,4.23193E-5,3.471997,0.0,0.005976439
250,3.485996,0.0,5.781651E-5,3.485996,0.0,0.00440836
251,3.499997,0.0,5.400181E-5,3.499997,0.0,0.006492376
252,3.513996,0.0,3.993511E-5,3.513996,0.0,0.02543926
253,3.527997,0.0,7.820129E-5,3.527997,0.0,0.006424904
254,3.541996,0.0,6.604195E-5,3.541996,0.0,0.005343437
255,3.555997,0.0,8.881092E-5,3.555997,0.0,0.01443267
256,3.569996,0.0,6.699562E-5,3.569996,0.0,0.007697344
257,3.583997,0.0,9.167194E-5,3.583997,0.0,0.06193995
258,3.597996,0.0,5.352497E-5,3.597996,0.0,0.03117299
259,3.611997,0.0,2.353191E-4,3.611997,0.0,0.03255177
260,3.625996,0.0,3.945827E-5,3.625996,0.0,0.02972674
261,3.639997,0.0,-3.063679E-5,3.639997,0.0,0.03187823
262,3.653996,0.0,-1.609325E-5,3.653996,0.0,0.07877207
263,3.667997,0.0,0.001426935,3.667997,0.0,0.1833525
264,3.681996,0.0,6.079674E-5,3.681996,0.0,0.6768236
265,3.695997,0.0,-1.955032E-5,3.695997,0.0,0.04326344
266,3.709996,0.0,3.695488E-6,3.709996,0.0,0.01097393
267,3.723997,0.0,1.049042E-5,3.723997,0.0,0.04969025
268,3.737996,0.0,3.898144E-5,3.737996,0.0,0.006035805
269,3.751997,0.0,2.837181E-5,3.751997,0.0,0.006082058
270,3.765996,0.0,6.699562E-5,3.765996,0.0,0.003411531
271,3.779997,0.0,5.447865E-5,3.779997,0.0,0.008466721
272,3.793996,0.0,1.559258E-4,3.793996,0.0,0.08828354
273,3.807997,0.0,7.665157E-5,3.807997,0.0,0.008624315
274,3.821996,0.0,5.102158E-5,3.821996,0.0,0.007817507
275,3.835997,0.0,-0.001246929,3.835997,0.0,0.08307648
276,3.849996,0.0,4.816055E-5,3.849996,0.0,0.006148577
277,3.863997,0.0,5.495548E-5,3.863997,0.0,0.00767374
278,3.877996,0.0,4.745722E-4,3.877996,0.0,0.183095
279,3.891997,0.0,2.932549E-5,3.891997,0.0,0.420418
280,3.905996,0.0,5.161762E-5,3.905996,0.0,0.6757698
281,3.919997,0.0,1.573563E-5,3.919997,0.0,0.6751111
282,3.933996,0.0,-0.001279354,3.933996,0.0,0.3485763
283,3.947997,0.0,5.638599E-5,3.947997,0.0,0.00430274
284,3.961996,0.0,-4.124641E-5,3.961996,0.0,0.06031156
285,3.975997,0.0,2.932549E-5,3.975997,0.0,0.005297899
286,3.989996,0.0,6.127357E-5,3.989996,0.0,0.00669384
287,4.003997,0.0,5.972385E-5,4.003997,0.0,0.00769639
288,4.017996,0.0,1.144409E-5,4.017996,0.0,0.007076502
289,4.031997,0.0,7.617474E-5,4.031997,0.0,0.01962113
290,4.045996,0.0,6.41346E-5,4.045996,0.0,0.01076913
291,4.059997,0.0,5.304813E-5,4.059997,0.0,0.003710508
292,4.073996,0.0,6.222725E-5,4.073996,0.0,0.03592753
293,4.087997,0.0,5.352497E-5,4.087997,0.0,0.007000208
294,4.101996,0.0,6.699562E-5,4.101996,0.0,0.01157761
295,4.115997,0.0,1.776218E-5,4.115997,0.0,0.6717026
296,4.129996,0.0,-1.901388E-4,4.129996,0.0,0.09338522
297,4.143997,0.0,4.577637E-5,4.143997,0.0,0.007628202
298,4.157996,0.0,-1.35541E-4,4.157996,0.0,0.07573652
299,4.171997,0.0,2.491474E-5,4.171997,0.0,0.6727524
300,4.185996,0.0,6.651878E-5,4.185996,0.0,0.008490324
301,4.199997,0.0,3.46899E-5,4.199997,0.0,0.6768765
302,4.213996,0.0,-0.001276493,4.213996,0.0,0.5215836
303,4.227997,0.0,-0.001485348,4.227997,0.0,0.1845882
304,4.241996,0.0,3.945827E-5,4.241996,0.0,0.09610772
305,4.255997,0.0,5.447865E-5,4.255997,0.0,0.01063108
306,4.269996,0.0,4.434586E-5,4.269996,0.0,0.005337
307,4.283997,0.0,5.352497E-5,4.283997,0.0,0.006116152
308,4.297996,0.0,-0.001162887,4.297996,0.0,0.05863142
309,4.311997,0.0,4.720688E-5,4.311997,0.0,0.01184654
310,4.325996,0.0,6.03199E-5,4.325996,0.0,0.004876375
311,4.339997,0.0,5.304813E-5,4.339997,0.0,0.01124358
312,4.353996,0.0,1.206398E-4,4.353996,0.0,0.009378195
313,4.367997,0.0,5.400181E-5,4.367997,0.0,0.004493713
314,4.381996,0.0,3.421307E-5,4.381996,0.0,0.01652956
315,4.395997,0.0,0.001586437,4.395997,0.0,0.379811
316,4.409996,0.0,6.222725E-5,4.409996,0.0,0.007230043
317,4.423997,0.0,7.283688E-5,4.423997,0.0,0.006901741
318,4.437996,0.0,0.001538157,4.437996,0.0,0.03092432
319,4.451997,0.0,1.052618E-4,4.451997,0.0,0.01596022
320,4.465996,0.0,7.617474E-5,4.465996,0.0,0.01685882
321,4.479997,0.0,1.119375E-4,4.479997,0.0,0.03636217
322,4.493996,0.0,4.768372E-5,4.493996,0.0,0.01598454
323,4.507997,0.0,7.283688E-5,4.507997,0.0,0.02357793
324,4.521996,0.0,1.554489E-4,4.521996,0.0,0.0314858
325,4.535997,0.0,-2.225637E-4,4.535997,0.0,0.06225419
326,4.549996,0.0,-2.241135E-5,4.549996,0.0,0.008384705
327,4.563997,0.0,5.543232E-5,4.563997,0.0,0.006364822
328,4.577996,0.0,-0.001476049,4.577996,0.0,0.2048953
329,4.591997,0.0,2.837181E-5,4.591997,0.0,0.01468706
330,4.605996,0.0,6.949902E-5,4.605996,0.0,0.1740723
331,4.619997,0.0,0.00158453,4.619997,0.0,0.1197817
332,4.633996,0.0,3.755093E-5,4.633996,0.0,0.00638175
333,4.647997,0.0,5.447865E-5,4.647997,0.0,0.6750605
334,4.661996,0.0,4.482269E-5,4.661996,0.0,0.03298402
335,4.675997,0.0,2.980232E-5,4.675997,0.0,0.006719112
336,4.689996,0.0,4.172325E-6,4.689996,0.0,0.01933432
337,4.703997,0.0,3.314018E-5,4.703997,0.0,0.008023024
338,4.717996,0.0,1.342297E-4,4.717996,0.0,0.01274276
339,4.731997,0.0,3.898144E-5,4.731997,0.0,0.005579948
340,4.745996,0.0,6.365776E-5,4.745996,0.0,0.005291462
341,4.759997,0.0,3.421307E-5,4.759997,0.0,0.006192446
342,4.773996,0.0,1.621246E-5,4.773996,0.0,0.004976988
343,4.787997,0.0,5.400181E-5,4.787997,0.0,0.005789518
344,4.801996,0.0,-1.176596E-4,4.801996,0.0,0.03692865
345,4.815997,0.0,4.577637E-5,4.815997,0.0,0.006671906
346,4.829996,0.0,6.79493E-5,4.829996,0.0,0.005008698
347,4.843997,0.0,4.088879E-5,4.843997,0.0,0.005672455
348,4.857996,0.0,3.576279E-7,4.857996,0.0,0.01634526
349,4.871997,0.0,-4.67658E-4,4.871997,0.0,0.03877044
350,4.885996,0.0,-0.001047254,4.885996,0.0,0.1398509
351,4.899997,0.0,-2.259016E-4,4.899997,0.0,0.08305621
352,4.913996,0.0,3.0756E-5,4.913996,0.0,0.02171898
353,4.927997,0.0,3.945827E-5,4.927997,0.0,0.01689458
354,4.941996,0.0,4.816055E-5,4.941996,0.0,0.005593777
355,4.955997,0.0,2.348423E-5,4.955997,0.0,0.008379698
356,4.969996,0.0,4.816055E-5,4.969996,0.0,0.01186776
357,4.983997,0.0,4.184246E-5,4.983997,0.0,0.6721315
358,4.997996,0.0,7.665157E-5,4.997996,0.0,0.005012751
359,5.011997,0.0,4.863739E-5,5.011997,0.0,0.003160477
360,5.025996,0.0,6.079674E-5,5.025996,0.0,0.005269527
361,5.039997,0.0,6.175041E-5,5.039997,0.0,0.00885582
362,5.053996,0.0,4.863739E-5,5.053996,0.0,0.003568172
363,5.067997,0.0,6.997585E-5,5.067997,0.0,0.005297184
364,5.081996,0.0,7.045269E-5,5.081996,0.0,0.004340172
365,5.095997,0.0,5.447865E-5,5.095997,0.0,0.008406639
366,5.109996,0.0,6.270409E-5,5.109996,0.0,0.01638508
367,5.123996,0.0,7.963181E-5,5.123996,0.0,0.009152412
368,5.137996,0.0,4.768372E-5,5.137996,0.0,0.004758596
369,5.151997,0.0,3.361702E-5,5.151997,0.0,0.6697941
370,5.165996,0.0,2.666712E-4,5.165996,0.0,0.07328439
371,5.179997,0.0,6.127357E-5,5.179997,0.0,0.005960941
372,5.193996,0.0,3.46899E-5,5.193996,0.0,0.00904274
373,5.207997,0.0,-0.001103878,5.207997,0.0,0.2765079
374,5.221996,0.0,3.218651E-5,5.221996,0.0,0.005109549
375,5.235997,0.0,5.733967E-5,5.235997,0.0,0.00663209
376,5.249996,0.0,2.744198E-4,5.249996,0.0,0.04228759
377,5.263997,0.0,0.001603365,5.263997,0.0,0.3904765
378,5.277996,0.0,4.136562E-5,5.277996,0.0,0.003556967
379,5.291996,0.0,3.945827E-5,5.291996,0.0,0.003177404
380,5.305996,0.0,5.638599E-5,5.305996,0.0,0.004556894
381,5.319997,0.0,5.590916E-5,5.319997,0.0,0.004452944
382,5.333996,0.0,6.175041E-5,5.333996,0.0,0.01305461
383,5.347997,0.0,9.167194E-5,5.347997,0.0,0.008895636
384,5.361996,0.0,5.304813E-5,5.361996,0.0,0.007739544
385,5.375997,0.0,3.218651E-5,5.375997,0.0,0.0110414
386,5.389996,0.0,3.170967E-5,5.389996,0.0,0.01557255
387,5.403997,0.0,6.461143E-5,5.403997,0.0,0.00774765
388,5.417996,0.0,2.110004E-5,5.417996,0.0,0.005532026
389,5.431997,0.0,-3.349781E-5,5.431997,0.0,0.07237935
390,5.445996,0.0,6.461143E-5,5.445996,0.0,0.01119018
391,5.459997,0.0,0.001605272,5.459997,0.0,0.2212431
392,5.473996,0.0,4.863739E-5,5.473996,0.0,0.00833416
393,5.487997,0.0,6.699562E-5,5.487997,0.0,0.07316494
394,5.501996,0.0,5.733967E-5,5.501996,0.0,0.00690341
395,5.515997,0.0,-7.939339E-5,5.515997,0.0,0.05995989
396,5.529996,0.0,-1.080036E-4,5.529996,0.0,0.03749394
397,5.543997,0.0,9.894371E-5,5.543997,0.0,0.009921789
398,5.557996,0.0,4.863739E-5,5.557996,0.0,0.002783298
399,5.571997,0.0,4.959106E-5,5.571997,0.0,0.003884315
400,5.585996,0.0,3.0756E-5,5.585996,0.0,0.01105189
401,5.599997,0.0,4.339218E-5,5.599997,0.0,0.008507967
402,5.613996,0.0,2.062321E-5,5.613996,0.0,0.005644798
403,5.627997,0.0,2.971888E-4,5.627997,0.0,0.03428483
404,5.641996,0.0,6.175041E-5,5.641996,0.0,0.003916025
405,5.655997,0.0,4.088879E-5,5.655997,0.0,0.006033182
406,5.669996,0.0,-4.705191E-4,5.669996,0.0,0.1034379
407,5.683997,0.0,7.426739E-5,5.683997,0.0,0.008215666
408,5.697996,0.0,-8.523464E-5,5.697996,0.0,0.03515244
409,5.711997,0.0,-9.10759E-5,5.711997,0.0,0.05860615
410,5.725996,0.0,1.573563E-5,5.725996,0.0,0.03607941
411,5.739997,0.0,6.222725E-5,5.739997,0.0,0.00761199
412,5.753996,0.0,6.461143E-5,5.753996,0.0,0.02066851
413,5.767997,0.0,5.495548E-5,5.767997,0.0,0.005572557
414,5.781996,0.0,5.733967E-5,5.781996,0.0,0.008261204
415,5.795997,0.0,1.182556E-4,5.795997,0.0,0.01597881
416,5.809996,0.0,-0.001428723,5.809996,0.0,0.5323927
417,5.823997,0.0,7.867813E-5,5.823997,0.0,0.005216837
418,5.837996,0.0,2.789497E-5,5.837996,0.0,0.003808022
419,5.851997,0.0,4.136562E-5,5.851997,0.0,0.004709721
420,5.865996,0.0,7.56979E-5,5.865996,0.0,0.007050514
421,5.879997,0.0,5.877018E-5,5.879997,0.0,0.006037235
422,5.893996,0.0,5.590916E-5,5.893996,0.0,0.01316762
423,5.907997,0.0,1.335144E-5,5.907997,0.0,0.02314806
424,5.921996,0.0,-3.20673E-5,5.921996,0.0,0.01598215
425,5.935997,0.0,1.158714E-4,5.935997,0.0,0.01444006
426,5.949996,0.0,1.438856E-4,5.949996,0.0,0.03478122
427,5.963997,0.0,7.379055E-5,5.963997,0.0,0.01258993
428,5.977996,0.0,2.205372E-5,5.977996,0.0,0.636117
429,5.991997,0.0,2.932549E-5,5.991997,0.0,0.03325534
430,6.005996,0.0,6.270409E-5,6.005996,0.0,0.006519079
431,6.019997,0.0,-2.777576E-5,6.019997,0.0,0.02908254
432,6.033996,0.0,3.027916E-5,6.033996,0.0,0.00394845
433,6.047996,0.0,1.027584E-4,6.047996,0.0,0.004240036
434,6.061996,0.0,7.617474E-5,6.061996,0.0,0.02658248
435,6.075997,0.0,2.294779E-4,6.075997,0.0,0.1512661
436,6.089996,0.0,0.001613975,6.089996,0.0,0.3895049
437,6.103997,0.0,7.820129E-5,6.103997,0.0,0.004701614
438,6.117996,0.0,-0.001464009,6.117996,0.0,0.2186813
439,6.131997,0.0,4.23193E-5,6.131997,0.0,0.004458666
440,6.145996,0.0,6.508827E-5,6.145996,0.0,0.006389141
441,6.159997,0.0,6.270409E-5,6.159997,0.0,0.004835606
442,6.173996,0.0,5.25713E-5,6.173996,0.0,0.006878138
443,6.187997,0.0,7.963181E-5,6.187997,0.0,0.005965948
444,6.201996,0.0,5.00679E-5,6.201996,0.0,0.007795572
445,6.215997,0.0,3.123283E-5,6.215997,0.0,0.00972271
446,6.229996,0.0,1.347065E-4,6.229996,0.0,0.0393734
447,6.243997,0.0,1.124144E-4,6.243997,0.0,0.009952784
448,6.257996,0.0,-9.250641E-5,6.257996,0.0,0.6657097
449,6.271997,0.0,1.30415E-4,6.271997,0.0,0.05549121
450,6.285996,0.0,-4.315376E-5,6.285996,0.0,0.008932114
451,6.299997,0.0,-7.867813E-6,6.299997,0.0,0.01883054
452,6.313996,0.0,4.577637E-5,6.313996,0.0,0.00425148
453,6.327997,0.0,6.508827E-5,6.327997,0.0,0.004696846
454,6.341996,0.0,1.776218E-5,6.341996,0.0,0.06844282
455,6.355997,0.0,8.928776E-5,6.355997,0.0,0.04889798
456,6.369996,0.0,0.001538157,6.369996,0.0,0.09433174
457,6.383997,0.0,5.102158E-5,6.383997,0.0,0.0103476
458,6.397996,0.0,4.529953E-5,6.397996,0.0,0.003367424
459,6.411997,0.0,6.270409E-5,6.411997,0.0,0.008361101
460,6.425996,0.0,6.902218E-5,6.425996,0.0,0.004551411
461,6.439997,0.0,7.474422E-5,6.439997,0.0,0.006501198
462,6.453996,0.0,5.686283E-5,6.453996,0.0,0.006657362
463,6.467997,0.0,1.043081E-4,6.467997,0.0,0.01005173
464,6.481996,0.0,4.959106E-5,6.481996,0.0,0.01471615
465,6.495997,0.0,8.392334E-5,6.495997,0.0,0.009991646
466,6.509996,0.0,3.0756E-5,6.509996,0.0,0.01203418
467,6.523997,0.0,5.25713E-5,6.523997,0.0,0.02635503
468,6.537996,0.0,2.028942E-4,6.537996,0.0,0.05364537
469,6.551997,0.0,3.898144E-5,6.551997,0.0,0.008211613
470,6.565996,0.0,4.959106E-5,6.565996,0.0,0.006454229
471,6.579997,0.0,1.109838E-4,6.579997,0.0,0.01444244
472,6.593996,0.0,9.655952E-5,6.593996,0.0,0.02044988
473,6.607997,0.0,8.535385E-5,6.607997,0.0,0.008278131
474,6.621996,0.0,6.365776E-5,6.621996,0.0,0.01468778
475,6.635997,0.0,4.339218E-5,6.635997,0.0,0.009096384
476,6.649996,0.0,2.884865E-5,6.649996,0.0,0.01701713
477,6.663997,0.0,7.915497E-5,6.663997,0.0,0.007961988
478,6.677996,0.0,4.62532E-5,6.677996,0.0,0.00523138
479,6.691997,0.0,4.529953E-5,6.691997,0.0,0.004966497
480,6.705996,0.0,5.161762E-5,6.705996,0.0,0.006034851
481,6.719997,0.0,2.264977E-6,6.719997,0.0,0.01011109
482,6.733996,0.0,7.331371E-5,6.733996,0.0,0.01534176
483,6.747997,0.0,7.092953E-5,6.747997,0.0,0.01055217
484,6.761996,0.0,7.760525E-5,6.761996,0.0,0.00672555
485,6.775997,0.0,6.842613E-5,6.775997,0.0,0.006974936
486,6.789996,0.0,5.25713E-5,6.789996,0.0,0.02121854
487,6.803997,0.0,0.001600504,6.803997,0.0,0.1103685
488,6.817996,0.0,5.447865E-5,6.817996,0.0,0.05628347
489,6.831997,0.0,3.755093E-5,6.831997,0.0,0.008604765
490,6.845996,0.0,7.820129E-5,6.845996,0.0,0.06920743
491,6.859997,0.0,-4.6134E-5,6.859997,0.0,0.008279085
492,6.873996,0.0,4.959106E-5,6.873996,0.0,0.007729769
493,6.887997,0.0,6.318092E-5,6.887997,0.0,0.007642746
494,6.901996,0.0,3.945827E-5,6.901996,0.0,0.02348781
495,6.915997,0.0,-8.717775E-4,6.915997,0.0,0.07794881
496,6.929996,0.0,1.269579E-4,6.929996,0.0,0.01244855
497,6.943997,0.0,7.820129E-5,6.943997,0.0,0.005028963
498,6.957996,0.0,4.339218E-5,6.957996,0.0,0.005279303
499,6.971997,0.0,5.829334E-5,6.971997,0.0,0.005432844
500,6.985996,0.0,8.583069E-5,6.985996,0.0,0.009029627
501,6.999997,0.0,4.720688E-5,6.999997,0.0,0.005174398
502,7.013996,0.0,0.001517773,7.013996,0.0,0.3907609
503,7.027997,0.0,6.79493E-5,7.027997,0.0,0.005792856
504,7.041996,0.0,7.820129E-5,7.041996,0.0,0.01221299
505,7.055997,0.0,-2.622604E-6,7.055997,0.0,0.0480001
506,7.069996,0.0,8.249283E-5,7.069996,0.0,0.02928805
507,7.083997,0.0,8.153915E-5,7.083997,0.0,0.01747465
508,7.097996,0.0,9.059906E-6,7.097996,0.0,0.09494758
509,7.111997,0.0,2.337694E-4,7.111997,0.0,0.09685922
510,7.125996,0.0,9.071827E-5,7.125996,0.0,0.1202416
511,7.139997,0.0,4.386902E-5,7.139997,0.0,0.005270481
512,7.153996,0.0,1.260042E-4,7.153996,0.0,0.06896281
513,7.167997,0.0,9.059906E-6,7.167997,0.0,0.04188704
514,7.181996,0.0,8.201599E-5,7.181996,0.0,0.008317947
515,7.195997,0.0,3.564358E-5,7.195997,0.0,0.6694927
516,7.209996,0.0,9.405613E-5,7.209996,0.0,0.008103371
517,7.223997,0.0,6.699562E-5,7.223997,0.0,0.003661633
518,7.237996,0.0,5.447865E-5,7.237996,0.0,0.004127979
519,7.251997,0.0,6.03199E-5,7.251997,0.0,0.003663301
520,7.265996,0.0,7.820129E-5,7.265996,0.0,0.003398418
521,7.279997,0.0,5.495548E-5,7.279997,0.0,0.01140213
522,7.293996,0.0,1.119375E-4,7.293996,0.0,0.01255512
523,7.307997,0.0,6.842613E-5,7.307997,0.0,0.02098942
524,7.321996,0.0,-0.001399755,7.321996,0.0,0.528852
525,7.335997,0.0,0.001567602,7.335997,0.0,0.04462671
526,7.349996,0.0,5.00679E-5,7.349996,0.0,0.03978372
527,7.363996,0.0,7.283688E-5,7.363996,0.0,0.03456759
528,7.377996,0.0,6.556511E-5,7.377996,0.0,0.08510518
529,7.391997,0.0,4.339218E-5,7.391997,0.0,0.06713724
530,7.405996,0.0,2.15888E-4,7.405996,0.0,0.06733465
531,7.419997,0.0,-4.529953E-6,7.419997,0.0,0.1679153
532,7.433996,0.0,4.482269E-5,7.433996,0.0,0.00658083
533,7.447997,0.0,-1.239777E-4,7.447997,0.0,0.07450247
534,7.461996,0.0,1.318455E-4,7.461996,0.0,0.04467726
535,7.475997,0.0,1.288652E-4,7.475997,0.0,0.0201664
536,7.489996,0.0,5.400181E-5,7.489996,0.0,0.003688574
537,7.503997,0.0,6.222725E-5,7.503997,0.0,0.00216341
538,7.517996,0.0,1.525879E-5,7.517996,0.0,0.0324316
539,7.531997,0.0,6.842613E-5,7.531997,0.0,0.004788637
540,7.545996,0.0,7.331371E-5,7.545996,0.0,0.00526309
541,7.559997,0.0,4.959106E-5,7.559997,0.0,0.003974438
542,7.573996,0.0,3.707409E-5,7.573996,0.0,0.005832672
543,7.587997,0.0,6.949902E-5,7.587997,0.0,0.007035017
544,7.601996,0.0,4.088879E-5,7.601996,0.0,0.04155469
545,7.615997,0.0,3.85046E-5,7.615997,0.0,0.007694721
546,7.629996,0.0,7.963181E-5,7.629996,0.0,0.005349159
547,7.643997,0.0,5.161762E-5,7.643997,0.0,0.01575208
548,7.657996,0.0,3.266335E-5,7.657996,0.0,0.02407432
549,7.671997,0.0,2.009869E-4,7.671997,0.0,0.02021599
550,7.685996,0.0,6.79493E-5,7.685996,0.0,0.005420685
551,7.699997,0.0,1.410246E-4,7.699997,0.0,0.04307342
552,7.713996,0.0,3.898144E-5,7.713996,0.0,0.006522417
553,7.727997,0.0,6.949902E-5,7.727997,0.0,0.009886742
554,7.741996,0.0,7.522106E-5,7.741996,0.0,0.008841276
555,7.755997,0.0,6.270409E-5,7.755997,0.0,0.007209778
556,7.769996,0.0,6.747246E-5,7.769996,0.0,0.003276587
557,7.783997,0.0,5.352497E-5,7.783997,0.0,0.002857208
558,7.797996,0.0,5.733967E-5,7.797996,0.0,0.00349021
559,7.811997,0.0,6.41346E-5,7.811997,0.0,0.005912304
560,7.825996,0.0,6.079674E-5,7.825996,0.0,0.003165245
561,7.839997,0.0,3.659725E-5,7.839997,0.0,0.003247261
562,7.853996,0.0,3.755093E-5,7.853996,0.0,0.006564617
563,7.867997,0.0,4.720688E-5,7.867997,0.0,0.007147074
564,7.881996,0.0,7.092953E-5,7.881996,0.0,0.008757591
565,7.895997,0.0,4.529953E-5,7.895997,0.0,0.01397371
566,7.909996,0.0,-9.646416E-4,7.909996,0.0,0.03834724
567,7.923997,0.0,1.443624E-4,7.923997,0.0,0.04899883
568,7.937996,0.0,-0.001213551,7.937996,0.0,0.2504184
569,7.951997,0.0,5.829334E-5,7.951997,0.0,0.01915646
570,7.965996,0.0,4.136562E-5,7.965996,0.0,0.01060176
571,7.979997,0.0,6.079674E-5,7.979997,0.0,0.02552462
572,7.993996,0.0,3.027916E-5,7.993996,0.0,0.005670071
573,8.007997,0.0,-3.933907E-5,8.007997,0.0,0.1123281
574,8.021996,0.0,4.851818E-4,8.021996,0.0,0.6577671
575,8.035997,0.0,4.088879E-5,8.035997,0.0,0.006351709
576,8.049996,0.0,5.543232E-5,8.049996,0.0,0.005084276
577,8.063997,0.0,7.045269E-5,8.063997,0.0,0.002313852
578,8.077996,0.0,4.339218E-5,8.077996,0.0,0.008214712
579,8.091997,0.0,4.136562E-5,8.091997,0.0,0.01066041
580,8.105996,0.0,8.106232E-5,8.105996,0.0,0.0081141
581,8.119996,0.0,0.001562357,8.119996,0.0,0.3186877
582,8.133996,0.0,3.314018E-5,8.133996,0.0,0.6747437
583,8.147997,0.0,5.829334E-5,8.147997,0.0,0.6794229
584,8.161996,0.0,4.959106E-5,8.161996,0.0,0.6832194
585,8.175997,0.0,4.482269E-5,8.175997,0.0,0.6830814
586,8.189996,0.0,5.590916E-5,8.189996,0.0,0.6853368
587,8.203997,0.0,5.924702E-5,8.203997,0.0,0.6854262
588,8.217996,0.0,4.62532E-5,8.217996,0.0,0.6844814
589,8.231997,0.0,4.339218E-5,8.231997,0.0,0.6853621
590,8.245996,0.0,5.686283E-5,8.245996,0.0,0.6858633
591,8.259997,0.0,4.23193E-5,8.259997,0.0,0.6843781
592,8.273996,0.0,3.612041E-5,8.273996,0.0,0.6844814
593,8.287996,0.0,5.352497E-5,8.287996,0.0,0.6848533
594,8.301996,0.0,5.829334E-5,8.301996,0.0,0.6856155
595,8.315997,0.0,3.945827E-5,8.315997,0.0,0.6841514
596,8.329996,0.0,4.911423E-5,8.329996,0.0,0.6848752
597,8.343997,0.0,5.161762E-5,8.343997,0.0,0.6841717
598,8.357996,0.0,3.898144E-5,8.357996,0.0,0.6840816
599,8.371997,0.0,5.352497E-5,8.371997,0.0,0.6850996
600,8.385996,0.0,4.041195E-5,8.385996,0.0,0.6838696
601,8.399997,0.0,3.421307E-5,8.399997,0.0,0.6847365
602,8.413996,0.0,3.659725E-5,8.413996,0.0,0.6840758
603,8.427997,0.0,7.045269E-5,8.427997,0.0,0.6858828
604,8.441996,0.0,5.733967E-5,8.441996,0.0,0.6856668
605,8.455997,0.0,3.707409E-5,8.455997,0.0,0.6841125
606,8.469996,0.0,4.720688E-5,8.469996,0.0,0.6847193
607,8.483997,0.0,5.495548E-5,8.483997,0.0,0.6850345
608,8.497996,0.0,3.266335E-5,8.497996,0.0,0.6834056
609,8.511997,0.0,3.266335E-5,8.511997,0.0,0.6837022
610,8.525996,0.0,4.816055E-5,8.525996,0.0,0.6841221
611,8.539997,0.0,3.707409E-5,8.539997,0.0,0.6840954
612,8.553996,0.0,2.44379E-5,8.553996,0.0,0.684998
613,8.567997,0.0,4.482269E-5,8.567997,0.0,0.6845512
614,8.581996,0.0,3.46899E-5,8.581996,0.0,0.6858113
615,8.595997,0.0,3.945827E-5,8.595997,0.0,0.6838078
616,8.609996,0.0,5.733967E-5,8.609996,0.0,0.6842685
617,8.623997,0.0,7.092953E-5,8.623997,0.0,0.6837599
618,8.637996,0.0,3.361702E-5,8.637996,0.0,0.6837533
619,8.651997,0.0,4.673004E-5,8.651997,0.0,0.6837404
620,8.665996,0.0,4.863739E-5,8.665996,0.0,0.6854327
621,8.679997,0.0,4.720688E-5,8.679997,0.0,0.6845284
622,8.693996,0.0,5.352497E-5,8.693996,0.0,0.6850972
623,8.707997,0.0,6.949902E-5,8.707997,0.0,0.6850362
624,8.721996,0.0,5.400181E-5,8.721996,0.0,0.6857772
625,8.735997,0.0,2.348423E-5,8.735997,0.0,0.684556
626,8.749996,0.0,4.768372E-5,8.749996,0.0,0.6848233
627,8.763997,0.0,6.175041E-5,8.763997,0.0,0.6857529
628,8.777996,0.0,4.291534E-5,8.777996,0.0,0.6853938
629,8.791997,0.0,6.365776E-5,8.791997,0.0,0.6861193
630,8.805996,0.0,4.434586E-5,8.805996,0.0,0.6854117
631,8.819997,0.0,2.646446E-5,8.819997,0.0,0.6840522
632,8.833996,0.0,4.23193E-5,8.833996,0.0,0.6840758
633,8.847997,0.0,6.508827E-5,8.847997,0.0,0.6846471
634,8.861996,0.0,5.00679E-5,8.861996,0.0,0.6844254
635,8.875996,0.0,4.62532E-5,8.875996,0.0,0.6845975
636,8.889996,0.0,5.495548E-5,8.889996,0.0,0.6857634
637,8.903997,0.0,5.447865E-5,8.903997,0.0,0.6856887
638,8.917996,0.0,3.802776E-5,8.917996,0.0,0.683816
639,8.931997,0.0,5.543232E-5,8.931997,0.0,0.6856
640,8.945996,0.0,6.03199E-5,8.945996,0.0,0.6834104
641,8.959997,0.0,4.720688E-5,8.959997,0.0,0.6839004
642,8.973996,0.0,1.871586E-5,8.973996,0.0,0.6838686
643,8.987997,0.0,5.25713E-5,8.987997,0.0,0.6856716
644,9.001996,0.0,5.352497E-5,9.001996,0.0,0.6865766
645,9.015997,0.0,4.434586E-5,9.015997,0.0,0.6841409
646,9.029996,0.0,6.604195E-5,9.029996,0.0,0.685518
647,9.043997,0.0,6.79493E-5,9.043997,0.0,0.6849687
648,9.057996,0.0,3.027916E-5,9.057996,0.0,0.6834145
649,9.071997,0.0,4.434586E-5,9.071997,0.0,0.6849096
650,9.085996,0.0,4.577637E-5,9.085996,0.0,0.6852963
651,9.099997,0.0,5.400181E-5,9.099997,0.0,0.6843886
652,9.113996,0.0,4.768372E-5,9.113996,0.0,0.6843545
653,9.127997,0.0,6.997585E-5,9.127997,0.0,0.6851678
654,9.141996,0.0,5.447865E-5,9.141996,0.0,0.6850193
655,9.155997,0.0,3.314018E-5,9.155997,0.0,0.6844983
656,9.169996,0.0,5.638599E-5,9.169996,0.0,0.6858487
657,9.183997,0.0,7.236004E-5,9.183997,0.0,0.685185
658,9.197996,0.0,3.421307E-5,9.197996,0.0,0.6839166
659,9.211997,0.0,6.079674E-5,9.211997,0.0,0.6850281
660,9.225996,0.0,6.461143E-5,9.225996,0.0,0.6851866
661,9.239997,0.0,3.314018E-5,9.239997,0.0,0.6844342
662,9.253996,0.0,5.209446E-5,9.253996,0.0,0.6845641
663,9.267997,0.0,6.508827E-5,9.267997,0.0,0.686224
664,9.281996,0.0,6.365776E-5,9.281996,0.0,0.686125
665,9.295997,0.0,4.911423E-5,9.295997,0.0,0.6843596
666,9.309996,0.0,6.175041E-5,9.309996,0.0,0.6850777
667,9.323997,0.0,5.972385E-5,9.323997,0.0,0.6848354
668,9.337996,0.0,3.659725E-5,9.337996,0.0,0.6835656
669,9.351997,0.0,4.088879E-5,9.351997,0.0,0.6854587
670,9.365996,0.0,6.318092E-5,9.365996,0.0,0.6848998
671,9.379997,0.0,5.304813E-5,9.379997,0.0,0.6847031
672,9.393996,0.0,2.932549E-5,9.393996,0.0,0.6852434
673,9.407997,0.0,6.03199E-5,9.407997,0.0,0.6866944
674,9.421996,0.0,4.863739E-5,9.421996,0.0,0.6869893
675,9.435997,0.0,4.529953E-5,9.435997,0.0,0.6844082
676,9.449996,0.0,5.972385E-5,9.449996,0.0,0.6857643
677,9.463997,0.0,6.318092E-5,9.463997,0.0,0.6856203
678,9.477996,0.0,3.659725E-5,9.477996,0.0,0.6843204
679,9.491997,0.0,3.361702E-5,9.491997,0.0,0.6837339
680,9.505996,0.0,6.079674E-5,9.505996,0.0,0.6857853
681,9.519997,0.0,4.673004E-5,9.519997,0.0,0.6843171
682,9.533996,0.0,5.304813E-5,9.533996,0.0,0.6844804
683,9.547997,0.0,5.733967E-5,9.547997,0.0,0.6856577
684,9.561996,0.0,5.638599E-5,9.561996,0.0,0.6858974
685,9.575997,0.0,2.646446E-5,9.575997,0.0,0.6853247
686,9.589996,0.0,5.447865E-5,9.589996,0.0,0.6861899
687,9.603997,0.0,6.842613E-5,9.603997,0.0,0.6850963
688,9.617996,0.0,4.577637E-5,9.617996,0.0,0.6848712
689,9.631997,0.0,7.426739E-5,9.631997,0.0,0.6862087
690,9.645996,0.0,6.365776E-5,9.645996,0.0,0.6847308
691,9.659997,0.0,4.041195E-5,9.659997,0.0,0.6847112
692,9.673996,0.0,4.577637E-5,9.673996,0.0,0.6844106
693,9.687997,0.0,5.686283E-5,9.687997,0.0,0.6850591
694,9.701996,0.0,6.222725E-5,9.701996,0.0,0.6861892
695,9.715997,0.0,4.959106E-5,9.715997,0.0,0.684504
696,9.729996,0.0,6.699562E-5,9.729996,0.0,0.6855531
697,9.743997,0.0,5.209446E-5,9.743997,0.0,0.6860535
698,9.757996,0.0,3.993511E-5,9.757996,0.0,0.6837029
699,9.771997,0.0,4.136562E-5,9.771997,0.0,0.6842928
700,9.785996,0.0,6.556511E-5,9.785996,0.0,0.6848428
701,9.799997,0.0,5.054474E-5,9.799997,0.0,0.6845553
702,9.813996,0.0,3.564358E-5,9.813996,0.0,0.6854684
703,9.827997,0.0,5.447865E-5,9.827997,0.0,0.6862671
704,9.841996,0.0,4.911423E-5,9.841996,0.0,0.6871259
705,9.855997,0.0,4.959106E-5,9.855997,0.0,0.68398
706,9.869996,0.0,6.747246E-5,9.869996,0.0,0.6854961
707,9.883997,0.0,6.997585E-5,9.883997,0.0,0.6863582
708,9.897996,0.0,3.945827E-5,9.897996,0.0,0.6847625
709,9.911997,0.0,4.041195E-5,9.911997,0.0,0.684417
710,9.925996,0.0,6.270409E-5,9.925996,0.0,0.6855676
711,9.939997,0.0,4.339218E-5,9.939997,0.0,0.6839166
712,9.953996,0.0,5.352497E-5,9.953996,0.0,0.6847429
713,9.967997,0.0,5.447865E-5,9.967997,0.0,0.6853824
714,9.981996,0.0,5.638599E-5,9.981996,0.0,0.6845236
715,9.995997,0.0,3.564358E-5,9.995997,0.0,0.6844497
716,10.01,0.0,6.270409E-5,10.01,0.0,0.6842496
717,10.024,0.0,7.092953E-5,10.024,0.0,0.6851745
718,10.038,0.0,5.161762E-5,10.038,0.0,0.6847365
719,10.052,0.0,7.522106E-5,10.052,0.0,0.6856601
720,10.066,0.0,5.686283E-5,10.066,0.0,0.686229
721,10.08,0.0,4.339218E-5,10.08,0.0,0.6850257
722,10.094,0.0,5.209446E-5,10.094,0.0,0.6854172
723,10.108,0.0,6.997585E-5,10.108,0.0,0.6860397
724,10.122,0.0,6.747246E-5,10.122,0.0,0.6867001
725,10.136,0.0,5.733967E-5,10.136,0.0,0.6846917
726,10.15,0.0,7.18832E-5,10.15,0.0,0.6869099
727,10.164,0.0,5.829334E-5,10.164,0.0,0.6859446
728,10.178,0.0,5.102158E-5,10.178,0.0,0.6849046
729,10.192,0.0,5.400181E-5,10.192,0.0,0.6845593
730,10.206,0.0,7.18832E-5,10.206,0.0,0.6849639
731,10.22,0.0,5.25713E-5,10.22,0.0,0.6847885
732,10.234,0.0,5.877018E-5,10.234,0.0,0.6858764
733,10.248,0.0,6.03199E-5,10.248,0.0,0.6863613
734,10.262,0.0,5.638599E-5,10.262,0.0,0.6875265
735,10.276,0.0,5.972385E-5,10.276,0.0,0.6843123
736,10.29,0.0,7.522106E-5,10.29,0.0,0.6854458
737,10.304,0.0,7.045269E-5,10.304,0.0,0.685735
738,10.318,0.0,4.720688E-5,10.318,0.0,0.6843789
739,10.332,0.0,5.400181E-5,10.332,0.0,0.6854887
740,10.346,0.0,7.331371E-5,10.346,0.0,0.6853774
741,10.36,0.0,6.365776E-5,10.36,0.0,0.6852636
742,10.374,0.0,5.543232E-5,10.374,0.0,0.6846008
743,10.388,0.0,6.842613E-5,10.388,0.0,0.685761
744,10.402,0.0,6.270409E-5,10.402,0.0,0.685349
745,10.416,0.0,4.088879E-5,10.416,0.0,0.6843553
746,10.43,0.0,7.331371E-5,10.43,0.0,0.6856651
747,10.444,0.0,7.140636E-5,10.444,0.0,0.6855531
748,10.458,0.0,5.590916E-5,10.458,0.0,0.6848786
749,10.472,0.0,7.712841E-5,10.472,0.0,0.6867254
750,10.486,0.0,7.045269E-5,10.486,0.0,0.6862047
751,10.5,0.0,5.781651E-5,10.5,0.0,0.6860542
752,10.514,0.0,5.877018E-5,10.514,0.0,0.6854458
753,10.528,0.0,7.522106E-5,10.528,0.0,0.686398
754,10.542,0.0,6.222725E-5,10.542,0.0,0.6860347
755,10.556,0.0,5.781651E-5,10.556,0.0,0.6855025
756,10.57,0.0,6.747246E-5,10.57,0.0,0.6869838
757,10.584,0.0,6.222725E-5,10.584,0.0,0.6878676
758,10.598,0.0,4.23193E-5,10.598,0.0,0.6846178
759,10.612,0.0,6.175041E-5,10.612,0.0,0.6869454
760,10.626,0.0,7.18832E-5,10.626,0.0,0.6857917
761,10.64,0.0,5.543232E-5,10.64,0.0,0.6864109
762,10.654,0.0,4.863739E-5,10.654,0.0,0.6853814
763,10.668,0.0,7.140636E-5,10.668,0.0,0.6870601
764,10.682,0.0,5.054474E-5,10.682,0.0,0.6871982
765,10.696,0.0,5.352497E-5,10.696,0.0,0.6854758
766,10.71,0.0,7.474422E-5,10.71,0.0,0.687139
767,10.724,0.0,6.127357E-5,10.724,0.0,0.68606
768,10.738,0.0,4.339218E-5,10.738,0.0,0.6863403
769,10.752,0.0,5.638599E-5,10.752,0.0,0.6861331
770,10.766,0.0,6.222725E-5,10.766,0.0,0.6864173
771,10.78,0.0,4.62532E-5,10.78,0.0,0.6850655
772,10.794,0.0,4.23193E-5,10.794,0.0,0.6848574
773,10.808,0.0,5.543232E-5,10.808,0.0,0.6865604
774,10.822,0.0,6.747246E-5,10.822,0.0,0.6863744
775,10.836,0.0,2.598763E-5,10.836,0.0,0.6849599
776,10.85,0.0,6.127357E-5,10.85,0.0,0.6868651
777,10.864,0.0,7.379055E-5,10.864,0.0,0.6871243
778,10.878,0.0,4.62532E-5,10.878,0.0,0.6844335
779,10.892,0.0,5.447865E-5,10.892,0.0,0.6852767
780,10.906,0.0,5.304813E-5,10.906,0.0,0.6853604
781,10.92,0.0,4.482269E-5,10.92,0.0,0.6850979
782,10.934,0.0,5.829334E-5,10.934,0.0,0.684058
783,10.948,0.0,5.877018E-5,10.948,0.0,0.6852872
784,10.962,0.0,5.447865E-5,10.962,0.0,0.6854198
785,10.976,0.0,5.447865E-5,10.976,0.0,0.6844788
786,10.99,0.0,6.997585E-5,10.99,0.0,0.6860218
787,11.004,0.0,6.556511E-5,11.004,0.0,0.6862485
788,11.018,0.0,4.386902E-5,11.018,0.0,0.6843319
789,11.032,0.0,5.054474E-5,11.032,0.0,0.6857684
790,11.046,0.0,5.972385E-5,11.046,0.0,0.685813
791,11.06,0.0,3.898144E-5,11.06,0.0,0.6847787
792,11.074,0.0,4.23193E-5,11.074,0.0,0.6859317
793,11.088,0.0,6.902218E-5,11.088,0.0,0.6854661
794,11.102,0.0,5.00679E-5,11.102,0.0,0.6869285
795,11.116,0.0,4.184246E-5,11.116,0.0,0.6839435
796,11.13,0.0,6.222725E-5,11.13,0.0,0.685297
797,11.144,0.0,6.127357E-5,11.144,0.0,0.6848712
798,11.158,0.0,4.434586E-5,11.158,0.0,0.6854913
799,11.172,0.0,5.877018E-5,11.172,0.0,0.6865735
800,11.186,0.0,5.352497E-5,11.186,0.0,0.6863019
801,11.2,0.0,5.054474E-5,11.2,0.0,0.6863019
802,11.214,0.0,5.352497E-5,11.214,0.0,0.6854684
803,11.228,0.0,6.222725E-5,11.228,0.0,0.6865563
804,11.242,0.0,6.902218E-5,11.242,0.0,0.6868904
805,11.256,0.0,3.898144E-5,11.256,0.0,0.6856618
806,11.27,0.0,6.318092E-5,11.27,0.0,0.6863289
807,11.284,0.0,5.590916E-5,11.284,0.0,0.6867936
808,11.298,0.0,4.863739E-5,11.298,0.0,0.6861868
809,11.312,0.0,6.699562E-5,11.312,0.0,0.687243
810,11.326,0.0,5.781651E-5,11.326,0.0,0.6860991
811,11.34,0.0,5.209446E-5,11.34,0.0,0.6862566
812,11.354,0.0,3.945827E-5,11.354,0.0,0.6861322
813,11.368,0.0,6.508827E-5,11.368,0.0,0.6871243
814,11.382,0.0,4.911423E-5,11.382,0.0,0.6870959
815,11.396,0.0,5.400181E-5,11.396,0.0,0.6860917
816,11.41,0.0,6.842613E-5,11.41,0.0,0.6860356
817,11.424,0.0,6.902218E-5,11.424,0.0,0.6859796
818,11.438,0.0,4.339218E-5,11.438,0.0,0.684777
819,11.452,0.0,5.590916E-5,11.452,0.0,0.6846721
820,11.466,0.0,6.604195E-5,11.466,0.0,0.6861899
821,11.48,0.0,5.781651E-5,11.48,0.0,0.6850362
822,11.494,0.0,4.720688E-5,11.494,0.0,0.6855929
823,11.508,0.0,6.747246E-5,11.508,0.0,0.6863127
824,11.522,0.0,3.993511E-5,11.522,0.0,0.6879668
825,11.536,0.0,4.23193E-5,11.536,0.0,0.6862183
826,11.55,0.0,7.331371E-5,11.55,0.0,0.6881254
827,11.564,0.0,8.058548E-5,11.564,0.0,0.6874485
828,11.578,0.0,5.543232E-5,11.578,0.0,0.6855619
829,11.592,0.0,5.102158E-5,11.592,0.0,0.6867383
830,11.606,0.0,5.686283E-5,11.606,0.0,0.6861932
831,11.62,0.0,4.62532E-5,11.62,0.0,0.686255
832,11.634,0.0,5.638599E-5,11.634,0.0,0.6859975
833,11.648,0.0,6.699562E-5,11.648,0.0,0.6866417
834,11.662,0.0,5.781651E-5,11.662,0.0,0.6866043
835,11.676,0.0,2.741814E-5,11.676,0.0,0.6850581
836,11.69,0.0,6.079674E-5,11.69,0.0,0.6860812
837,11.704,0.0,6.79493E-5,11.704,0.0,0.688205
838,11.718,0.0,6.03199E-5,11.718,0.0,0.6857178
839,11.732,0.0,6.902218E-5,11.732,0.0,0.6868114
840,11.746,0.0,4.959106E-5,11.746,0.0,0.685904
841,11.76,0.0,3.993511E-5,11.76,0.0,0.685704
842,11.774,0.0,4.768372E-5,11.774,0.0,0.6850703
843,11.788,0.0,7.140636E-5,11.788,0.0,0.6866775
844,11.802,0.0,5.686283E-5,11.802,0.0,0.6866505
845,11.816,0.0,4.62532E-5,11.816,0.0,0.6855798
846,11.83,0.0,6.604195E-5,11.83,0.0,0.6866393
847,11.844,0.0,5.638599E-5,11.844,0.0,0.6864736
848,11.858,0.0,3.802776E-5,11.858,0.0,0.6851785
849,11.872,0.0,4.768372E-5,11.872,0.0,0.6852224
850,11.886,0.0,6.175041E-5,11.886,0.0,0.6858666
851,11.9,0.0,4.136562E-5,11.9,0.0,0.6846228
852,11.914,0.0,4.673004E-5,11.914,0.0,0.6868277
853,11.928,0.0,6.651878E-5,11.928,0.0,0.6861932
854,11.942,0.0,5.400181E-5,11.942,0.0,0.6875322
855,11.956,0.0,5.161762E-5,11.956,0.0,0.6859608
856,11.97,0.0,6.747246E-5,11.97,0.0,0.6867261
857,11.984,0.0,5.495548E-5,11.984,0.0,0.6868398
858,11.998,0.0,4.291534E-5,11.998,0.0,0.6848478
859,12.012,0.0,5.686283E-5,12.012,0.0,0.6857147
860,12.026,0.0,5.590916E-5,12.026,0.0,0.6863704
861,12.04,0.0,3.314018E-5,12.04,0.0,0.6851215
862,12.054,0.0,5.209446E-5,12.054,0.0,0.6846325
863,12.068,0.0,6.461143E-5,12.068,0.0,0.6863151
864,12.082,0.0,6.461143E-5,12.082,0.0,0.6859348
865,12.096,0.0,3.659725E-5,12.096,0.0,0.6865408
866,12.11,0.0,6.127357E-5,12.11,0.0,0.6865067
867,12.124,0.0,5.733967E-5,12.124,0.0,0.6878433
868,12.138,0.0,4.816055E-5,12.138,0.0,0.6857917
869,12.152,0.0,5.781651E-5,12.152,0.0,0.6868205
870,12.166,0.0,6.651878E-5,12.166,0.0,0.6865921
871,12.18,0.0,4.088879E-5,12.18,0.0,0.6855066
872,12.194,0.0,3.361702E-5,12.194,0.0,0.6858366
873,12.208,0.0,6.175041E-5,12.208,0.0,0.6858382
874,12.222,0.0,4.768372E-5,12.222,0.0,0.6861689
875,12.236,0.0,5.102158E-5,12.236,0.0,0.6862102
876,12.25,0.0,6.949902E-5,12.25,0.0,0.6860468
877,12.264,0.0,6.461143E-5,12.264,0.0,0.6853864
878,12.278,0.0,3.421307E-5,12.278,0.0,0.685189
879,12.292,0.0,3.802776E-5,12.292,0.0,0.6858089
880,12.306,0.0,5.877018E-5,12.306,0.0,0.6847601
881,12.32,0.0,3.898144E-5,12.32,0.0,0.684587
882,12.334,0.0,4.136562E-5,12.334,0.0,0.6865475
883,12.348,0.0,6.556511E-5,12.348,0.0,0.6861899
884,12.362,0.0,3.361702E-5,12.362,0.0,0.6858528
885,12.376,0.0,4.673004E-5,12.376,0.0,0.6846714
886,12.39,0.0,6.949902E-5,12.39,0.0,0.6855707
887,12.404,0.0,6.222725E-5,12.404,0.0,0.6853352
888,12.418,0.0,4.816055E-5,12.418,0.0,0.6840012
889,12.432,0.0,5.447865E-5,12.432,0.0,0.6853142
890,12.446,0.0,5.304813E-5,12.446,0.0,0.6853514
891,12.46,0.0,4.386902E-5,12.46,0.0,0.6843181
892,12.474,0.0,4.339218E-5,12.474,0.0,0.6844666
893,12.488,0.0,6.175041E-5,12.488,0.0,0.6847298
894,12.502,0.0,5.495548E-5,12.502,0.0,0.6854644
895,12.516,0.0,2.980232E-5,12.516,0.0,0.684834
896,12.53,0.0,5.352497E-5,12.53,0.0,0.6856773
897,12.544,0.0,5.686283E-5,12.544,0.0,0.6869261
898,12.558,0.0,5.00679E-5,12.558,0.0,0.6847243
899,12.572,0.0,6.508827E-5,12.572,0.0,0.6859884
900,12.586,0.0,5.829334E-5,12.586,0.0,0.6859796
901,12.6,0.0,3.170967E-5,12.6,0.0,0.6854043
902,12.614,0.0,4.577637E-5,12.614,0.0,0.6853034
903,12.628,0.0,5.733967E-5,12.628,0.0,0.685518
904,12.642,0.0,5.686283E-5,12.642,0.0,0.6859088
905,12.656,0.0,5.00679E-5,12.656,0.0,0.6848404
906,12.67,0.0,5.972385E-5,12.67,0.0,0.6866775
907,12.684,0.0,6.318092E-5,12.684,0.0,0.6852734
908,12.698,0.0,4.62532E-5,12.698,0.0,0.6843765
909,12.712,0.0,5.686283E-5,12.712,0.0,0.6850338
910,12.726,0.0,7.092953E-5,12.726,0.0,0.6851702
911,12.74,0.0,4.577637E-5,12.74,0.0,0.6844652
912,12.754,0.0,4.577637E-5,12.754,0.0,0.6855106
913,12.768,0.0,5.400181E-5,12.768,0.0,0.684963
914,12.782,0.0,4.816055E-5,12.782,0.0,0.6860437
915,12.796,0.0,4.23193E-5,12.796,0.0,0.6832359
916,12.81,0.0,6.222725E-5,12.81,0.0,0.6857657
917,12.824,0.0,5.972385E-5,12.824,0.0,0.6844902
918,12.838,0.0,3.707409E-5,12.838,0.0,0.6841588
919,12.852,0.0,5.447865E-5,12.852,0.0,0.684639
920,12.866,0.0,7.426739E-5,12.866,0.0,0.6861265
921,12.88,0.0,4.482269E-5,12.88,0.0,0.6835389
922,12.894,0.0,5.161762E-5,12.894,0.0,0.6847737
923,12.908,0.0,6.222725E-5,12.908,0.0,0.68483
924,12.922,0.0,6.270409E-5,12.922,0.0,0.6849258
925,12.936,0.0,3.85046E-5,12.936,0.0,0.6837606
926,12.95,0.0,6.41346E-5,12.95,0.0,0.6852531
927,12.964,0.0,7.092953E-5,12.964,0.0,0.6856456
928,12.978,0.0,5.102158E-5,12.978,0.0,0.6849191
929,12.992,0.0,6.270409E-5,12.992,0.0,0.6862972
930,13.006,0.0,6.949902E-5,13.006,0.0,0.6865563
931,13.02,0.0,4.911423E-5,13.02,0.0,0.6842773
932,13.034,0.0,5.00679E-5,13.034,0.0,0.6847396
933,13.048,0.0,6.41346E-5,13.048,0.0,0.6859617
934,13.062,0.0,5.638599E-5,13.062,0.0,0.6855423
935,13.076,0.0,4.863739E-5,13.076,0.0,0.6844618
936,13.09,0.0,7.140636E-5,13.09,0.0,0.6858845
937,13.104,0.0,6.270409E-5,13.104,0.0,0.6848681
938,13.118,0.0,4.434586E-5,13.118,0.0,0.6841059
939,13.132,0.0,5.877018E-5,13.132,0.0,0.6857235
940,13.146,0.0,5.924702E-5,13.146,0.0,0.6848421
941,13.16,0.0,3.659725E-5,13.16,0.0,0.684123
942,13.174,0.0,6.079674E-5,13.174,0.0,0.6852036
943,13.188,0.0,6.842613E-5,13.188,0.0,0.6852775
944,13.202,0.0,5.102158E-5,13.202,0.0,0.6859894
945,13.216,0.0,5.00679E-5,13.216,0.0,0.6847737
946,13.23,0.0,6.318092E-5,13.23,0.0,0.6859064
947,13.244,0.0,5.877018E-5,13.244,0.0,0.6860867
948,13.258,0.0,4.339218E-5,13.258,0.0,0.6839702
949,13.272,0.0,5.638599E-5,13.272,0.0,0.6853945
950,13.286,0.0,6.222725E-5,13.286,0.0,0.6855757
951,13.3,0.0,3.755093E-5,13.3,0.0,0.685293
952,13.314,0.0,4.768372E-5,13.314,0.0,0.6844423
953,13.328,0.0,6.651878E-5,13.328,0.0,0.6847851
954,13.342,0.0,5.00679E-5,13.342,0.0,0.6849444
955,13.356,0.0,3.612041E-5,13.356,0.0,0.684829
956,13.37,0.0,6.079674E-5,13.37,0.0,0.6858706
957,13.384,0.0,5.495548E-5,13.384,0.0,0.6866903
958,13.398,0.0,4.768372E-5,13.398,0.0,0.6845942
959,13.412,0.0,5.924702E-5,13.412,0.0,0.6856229
960,13.426,0.0,5.686283E-5,13.426,0.0,0.6852312
961,13.44,0.0,5.00679E-5,13.44,0.0,0.6843262
962,13.454,0.0,4.673004E-5,13.454,0.0,0.6848574
963,13.468,0.0,6.651878E-5,13.468,0.0,0.6849656
964,13.482,0.0,5.447865E-5,13.482,0.0,0.6856716
965,13.496,0.0,5.400181E-5,13.496,0.0,0.685236
966,13.51,0.0,6.651878E-5,13.51,0.0,0.6858552
967,13.524,0.0,6.365776E-5,13.524,0.0,0.6869164
968,13.538,0.0,3.361702E-5,13.538,0.0,0.685457
969,13.552,0.0,5.829334E-5,13.552,0.0,0.6851003
970,13.566,0.0,7.092953E-5,13.566,0.0,0.6859128
971,13.58,0.0,5.352497E-5,13.58,0.0,0.6842725
972,13.594,0.0,5.781651E-5,13.594,0.0,0.685735
973,13.608,0.0,4.577637E-5,13.608,0.0,0.6852758
974,13.622,0.0,4.863739E-5,13.622,0.0,0.685401
975,13.636,0.0,4.291534E-5,13.636,0.0,0.684011
976,13.65,0.0,6.175041E-5,13.65,0.0,0.685787
977,13.664,0.0,6.222725E-5,13.664,0.0,0.6859112
978,13.678,0.0,5.102158E-5,13.678,0.0,0.6850436
979,13.692,0.0,6.03199E-5,13.692,0.0,0.6848583
980,13.706,0.0,6.365776E-5,13.706,0.0,0.6854579
981,13.72,0.0,3.612041E-5,13.72,0.0,0.6832545
982,13.734,0.0,5.209446E-5,13.734,0.0,0.683794
983,13.748,0.0,6.127357E-5,13.748,0.0,0.6849315
984,13.762,0.0,5.209446E-5,13.762,0.0,0.6843042
985,13.776,0.0,2.980232E-5,13.776,0.0,0.6852434
986,13.79,0.0,6.41346E-5,13.79,0.0,0.6853385
987,13.804,0.0,5.543232E-5,13.804,0.0,0.686636
988,13.818,0.0,4.434586E-5,13.818,0.0,0.6847243
989,13.832,0.0,6.651878E-5,13.832,0.0,0.6857853
990,13.846,0.0,6.03199E-5,13.846,0.0,0.6858521
991,13.86,0.0,3.707409E-5,13.86,0.0,0.6843855
992,13.874,0.0,4.041195E-5,13.874,0.0,0.6842473
993,13.888,0.0,5.877018E-5,13.888,0.0,0.685245
994,13.902,0.0,5.352497E-5,13.902,0.0,0.6849411
995,13.916,0.0,4.434586E-5,13.916,0.0,0.6838102
996,13.93,0.0,5.829334E-5,13.93,0.0,0.6846917
997,13.944,0.0,5.590916E-5,13.944,0.0,0.6845772
998,13.958,0.0,4.088879E-5,13.958,0.0,0.6838038
999,13.972,0.0,5.829334E-5,13.972,0.0,0.6845877
1000,13.986,0.0,6.508827E-5,13.986,0.0,0.6844146
